QUICK
1000,7.66666666667
1700,12.3333333333
2890,17.6666666667
4913,12.3333333333
8352,26.6666666667
14198,18.6666666667
24136,36.6666666667
41031,37.3333333333
69752,56.3333333333
118578,69.3333333333
201582,83.6666666667
342689,101.666666667
582571,142.0
990370,191.666666667
1683629,294.0
2862169,460.0
4865687,865.0
8271667,1861.0
14061833,2308.0
23905116,6752.33333333
40638697,7534.66666667
69085784,11861.3333333
117445832,23259.0
199657914,37008.6666667
339418453,65308.6666667
577011370,132421.333333
HEAP
1000,8.66666666667
1700,12.3333333333
2890,13.0
4913,15.0
8352,15.6666666667
14198,17.6666666667
24136,17.3333333333
41031,26.3333333333
69752,29.0
118578,37.3333333333
201582,49.0
342689,76.0
582571,124.0
990370,207.666666667
1683629,364.333333333
2862169,662.0
4865687,1263.33333333
8271667,2412.66666667
14061833,4401.33333333
23905116,10258.3333333
40638697,15478.6666667
69085784,28339.3333333
117445832,53285.3333333
199657914,98928.0
339418453,179576.333333
