PART3 SPECIFIC
1000,0.0
1700,0.0
2890,0.0
4913,0.0
8352,0.666666666667
14198,0.0
24136,3.33333333333
41031,3.0
69752,3.0
118578,4.0
201582,7.0
342689,3.0
582571,3.66666666667
990370,4.0
1683629,5.66666666667
2862169,8.0
4865687,12.0
8271667,19.0
14061833,30.6666666667
23905116,50.0
40638697,84.0
69085784,143.0
117445832,237.0
199657914,401.0
339418453,744.666666667
577011370,23670.0
PART3 SATTOLO
1000,0.0
1700,0.0
2890,0.0
4913,0.0
8352,0.0
14198,0.666666666667
24136,0.0
41031,1.33333333333
69752,2.66666666667
118578,3.33333333333
201582,5.0
342689,7.0
582571,11.3333333333
990370,18.3333333333
1683629,31.0
2862169,52.3333333333
4865687,111.666666667
8271667,425.0
14061833,974.333333333
23905116,1948.66666667
40638697,4318.66666667
69085784,10746.3333333
117445832,21637.6666667
199657914,19177.3333333
339418453,33053.0

