PART1QUICK
1000,4
1700,4
2890,6
4913,12
8352,10
14198,7
24136,16
41031,17
69752,24
118578,26
201582,32
342689,45
582571,70
990370,102
1683629,154
2862169,283
4865687,513
8271667,827
14061833,1382
23905116,2463
40638697,4209
69085784,7387
117445832,12847
199657914,140896
339418453,551987
577011370,3239305
Terminatingprocess
PART1HEAP
1000,13
1700,5
2890,12
4913,17
8352,29
14198,48
24136,7
41031,17
69752,13
118578,19
201582,27
342689,45
582571,81
990370,136
1683629,251
2862169,462
4865687,866
8271667,1629
14061833,3124
23905116,5828
40638697,10454
69085784,19223
117445832,35793
199657914,4924228
Terminatingprocess
PART2QUICKINTEGERS
1000,23
1700,6
2890,9
4913,10
8352,11
14198,10
24136,17
41031,20
69752,25
118578,34
201582,45
342689,63
582571,101
990370,179
1683629,265
2862169,486
4865687,884
8271667,1675
14061833,3141
23905116,5981
40638697,48994
PART2HEAPINTEGERS
1000,25
1700,8
2890,8
4913,7
8352,9
14198,9
24136,11
41031,15
69752,18
118578,26
201582,44
342689,79
582571,166
990370,376
1683629,740
2862169,1424
4865687,2631
8271667,5105
14061833,9679
23905116,17838
40638697,63528
PART3SPECIFIC
1000,0
1700,0
2890,0
4913,0
8352,0
14198,0
24136,1
41031,1
69752,2
118578,2
201582,2
342689,5
582571,9
990370,4
1683629,5
2862169,5
4865687,8
8271667,14
14061833,21
23905116,34
40638697,56
69085784,94
117445832,158
199657914,269
339418453,99610
577011370,134103
PART3SATOLLO
1000,0
1700,0
2890,0
4913,0
8352,1
14198,1
24136,0
41031,0
69752,1
118578,2
201582,2
342689,3
582571,5
990370,10
1683629,30
2862169,111
4865687,254
8271667,493
14061833,944
23905116,1651
40638697,2865
69085784,4991
117445832,8573
199657914,14938
339418453,
Terminatingprocess
PART4
0,220346
1,1046203
2,6825892
Terminatingprocess
done
